c(/ch3)3/ch2/ch(/ch3)2	C8H18-1  1.69141769409180E+0001  5.10078631341457E-0002 -1.78145801328355E-0005  2.89671686637405E-0009 -1.80881310905996E-0013 -3.55553710937500E+0004 -6.42075805664063E+0001 -2.59758281707764E+0000  9.61456745862961E-0002 -3.53839604940731E-0005 -1.94521216911880E-0008  1.41219284530147E-0011 -3.00294082031250E+0004  3.80956726074219E+0001
c(//ch2)(/ch3)2	C4H8Y  6.94214725494385E+0000  2.37505193799734E-0002 -8.40206939756172E-0006  1.37936961852602E-0009 -8.67478899585668E-0014 -5.67253906250000E+0003 -1.22418899536132E+0001  1.26225519180298E+0000  3.53856086730957E-0002 -1.09156680991873E-0005 -6.10717343363376E-0009  3.95433035274562E-0012 -3.90890600585938E+0003  1.81003742218018E+0001
ch(/ch3)2/ch2/c(//ch2)/ch3	C7H14Y  1.31132631301879E+0001  4.15970906615257E-0002 -1.45979602166335E-0005  2.38228392568374E-0009 -1.49160523342518E-0013 -1.67403046875000E+0004 -4.05357131958008E+0001 -5.01734554767609E-0001  7.20595568418503E-0002 -2.34652961808024E-0005 -1.70401381893726E-0008  1.12966571860773E-0011 -1.28343183593750E+0004  3.10972518920898E+0001
c(/ch3)3/ch2/ch//ch2	C7H14Z  1.43597669601440E+0001  4.06190119683743E-0002 -1.42862045322544E-0005  2.33572250429859E-0009 -1.46470414464674E-0013 -1.53995732421875E+0004 -5.02750396728516E+0001 -2.16340184211731E+0000  7.93241783976555E-0002 -2.94981291517615E-0005 -1.72191683134315E-0008  1.24555426736505E-0011 -1.07900253906250E+0004  3.61315536499023E+0001
c(/ch3)3/ch2/c(//ch2)/ch3	C8H16Y  1.61946525573730E+0001  4.68170493841171E-0002 -1.64601733558811E-0005  2.69119326823386E-0009 -1.68800100308099E-0013 -2.04050546875000E+0004 -5.85672912597656E+0001 -2.27936053276062E+0000  8.88675749301910E-0002 -2.59767839452252E-0005 -3.02837364074549E-0008  1.87730126582908E-0011 -1.53287304687500E+0004  3.80106544494629E+0001
c(/ch3)3/ch//c(/ch3)2	C8H16Z  1.45492429733276E+0001  4.72659617662430E-0002 -1.63578752108151E-0005  2.64346255995918E-0009 -1.64396491211805E-0013 -1.90108867187500E+0004 -4.98439407348633E+0001 -2.84551358222961E+0000  8.60306397080421E-0002 -2.70226719294442E-0005 -2.27965273325026E-0008  1.45802779571991E-0011 -1.40324746093750E+0004  4.16763305664063E+0001
ch(/ch3)2/ch//c(/ch3)2	C7H14Y  1.33121986389160E+0001  4.30813208222389E-0002 -1.55701418407261E-0005  2.59559085336036E-0009 -1.65017142745444E-0013 -1.78512421875000E+0004 -4.21374053955078E+0001 -2.55039691925049E-0001  7.38552063703537E-0002 -2.85095011349767E-0005 -1.01452357625930E-0008  8.30266150969594E-0012 -1.38661552734375E+0004  2.94075756072998E+0001
c(/ch3)3/ch//ch/ch3	C7H14Z  1.32596826553344E+0001  4.04342152178288E-0002 -1.39244102683733E-0005  2.24190732645013E-0009 -1.39043060377007E-0013 -1.60966103515625E+0004 -4.43428726196289E+0001 -1.13858759403229E+0000  7.20205381512642E-0002 -2.45359933614964E-0005 -1.39700055967750E-0008  9.49315452636323E-0012 -1.18277695312500E+0004  3.18322448730469E+0001
c(/ch3)2(/ch2/o/oh)/ch2/ch(/ch3)2	C8H18O2P  2.22764091491699E+0001  4.94750328361988E-0002 -1.67677935678512E-0005  2.67064992343080E-0009 -1.64461096108758E-0013 -4.71930820312500E+0004 -8.32500000000000E+0001 -4.62399274110794E-0001  1.03569597005844E-0001 -4.09383465012070E-0005 -2.02201473342711E-0008  1.55533572132605E-0011 -4.08655703125000E+0004  3.55156478881836E+0001
ch(/ch3)(/ch2/o/oh)/ch2/c(/ch3)3	C8H18O2P  2.22764091491699E+0001  4.94750328361988E-0002 -1.67677935678512E-0005  2.67064992343080E-0009 -1.64461096108758E-0013 -4.71928945312500E+0004 -8.36549301147461E+0001 -5.67191302776337E-0001  1.04289069771766E-0001 -4.26493606937584E-0005 -1.85278601350092E-0008  1.49592803422305E-0011 -4.08542460937500E+0004  3.55550575256348E+0001
c(/ch3)3/ch2/c(/o/oh)(/ch3)2	C8H18O2P  2.25624504089355E+0001  4.94071878492832E-0002 -1.67808138940018E-0005  2.67575894774552E-0009 -1.64851151392836E-0013 -5.09121171875000E+0004 -8.71017303466797E+0001  2.73572111129761E+0000  8.37577134370804E-0002  9.03654017747613E-0006 -7.14947105961983E-0008  3.37423942953219E-0011 -4.51052695312500E+0004  1.88439407348633E+0001
ch(/ch3)3	C4H10  3.97370243072510E+0000  3.41519862413406E-0002 -1.27785724544082E-0005  2.18212181657407E-0009 -1.41043630225678E-0013 -1.89781718750000E+0004  2.37911224365234E+0000 -2.05675870180130E-0001  4.43197190761566E-0002 -1.36593716888455E-0005 -8.86132234256820E-0009  5.78637268308646E-0012 -1.80136835937500E+0004  2.37211971282959E+0001
c(/ch3)3/ch(/o/oh)/ch(/ch3)2	C8H18O2P  2.24088535308838E+0001  4.95153479278088E-0002 -1.68097285495605E-0005  2.67902122708108E-0009 -1.64968895748768E-0013 -4.95499179687500E+0004 -8.53990020751953E+0001  3.71896648406982E+0000  7.64477252960205E-0002  2.48618362093112E-0005 -8.52762269687446E-0008  3.79681772133544E-0011 -4.38545585937500E+0004  1.57231369018554E+0001
ch2(/o/oh)/ch//ch2	C3H6O2PZ  1.05916795730590E+0001  1.61714497953653E-0002 -5.29880117028370E-0006  8.23637491542684E-0010 -4.98528356183275E-0014 -1.15623476562500E+0004 -2.47235069274902E+0001  9.33212399482727E-0001  4.34248931705952E-0002 -3.01210766338045E-0005  7.16196302263938E-0009  8.28904327988822E-0013 -9.01684375000000E+0003  2.48200492858887E+0001
c(//ch2)(/ch3)/ch2/o/oh	C4H8O2PY  1.27825994491577E+0001  2.19042822718620E-0002 -7.26843518350506E-0006  1.14105314086288E-0009 -6.95998705717293E-0014 -1.67605664062500E+0004 -3.51045608520508E+0001 -1.94790244102478E+0000  7.17042833566666E-0002 -7.01534954714589E-0005  3.57671545714311E-0008 -6.92031284707517E-0012 -1.32547617187500E+0004  3.84633140563965E+0001
c(//ch2)(/ch2/o/oh)/ch2/ch(/ch3)2	C7H14O2PZ  1.91031169891357E+0001  3.95352207124233E-0002 -1.33642770379083E-0005  2.12485096184878E-0009 -1.30703201083396E-0013 -2.82744785156250E+0004 -6.51432113647461E+0001 -4.06323623657227E+0000  1.12643785774707E-0001 -9.59786775638349E-0005  3.98423196656950E-0008 -5.22384219214800E-0012 -2.25350156250000E+0004  5.17837104797363E+0001
c(/ch3)(/ch2/o/oh)//ch/ch(/ch3)2	C7H14O2PZ  1.97448444366455E+0001  4.04584929347038E-0002 -1.40537031256826E-0005  2.27794738627551E-0009 -1.42010725011008E-0013 -2.99014179687500E+0004 -6.89054641723633E+0001 -1.39869654178619E+0000  1.04363515973091E-0001 -8.19785927888006E-0005  3.00513889328613E-0008 -2.79777980297102E-0012 -2.44809648437500E+0004  3.86124877929688E+0001
c(/ch3)2(/ch2/o/oh)/ch//ch/ch3	C7H14O2PZ  1.86442070007324E+0001  3.88914272189140E-0002 -1.28952178783947E-0005  2.02266758897451E-0009 -1.23269721253455E-0013 -2.78876796875000E+0004 -6.35210723876953E+0001  6.65782630443573E-0001  8.17261189222336E-0002 -3.55427328031510E-0005 -9.31885768551410E-0009  9.01271592079755E-0012 -2.27692441406250E+0004  3.06550655364990E+0001
c(/ch3)2(/ch2/o/oh)/ch2/ch//ch2	C7H14O2PZ  1.97903747558594E+0001  3.89609783887863E-0002 -1.31635542857111E-0005  2.09145278873279E-0009 -1.28546655199686E-0013 -2.72048378906250E+0004 -6.96963729858398E+0001 -1.13022506237030E-0001  8.73132422566414E-0002 -3.63568397006020E-0005 -1.67320504118607E-0008  1.34568346049635E-0011 -2.17576757812500E+0004  3.39139633178711E+0001
c(/ch3)3/ch//ch/ch2/o/oh	C7H14O2PZ  1.88697547912598E+0001  3.88846918940544E-0002 -1.29341869978816E-0005  2.03299554968339E-0009 -1.24056797820571E-0013 -2.74254003906250E+0004 -6.67259292602539E+0001 -2.02897691726685E+0000  9.45632532238960E-0002 -5.53109239262994E-0005  3.24523008465860E-0009  6.25688910405042E-0012 -2.18196191406250E+0004  4.11478843688965E+0001
ch(/ch3)(/ch2/o/oh)/ch//c(/ch3)2	C7H14O2PZ  1.87612857818604E+0001  4.13433872163296E-0002 -1.43598226713948E-0005  2.32555419366065E-0009 -1.44792814890660E-0013 -2.94613652343750E+0004 -6.20459518432617E+0001  1.41626477241516E+0000  8.44696760177612E-0002 -4.16579023294616E-0005 -3.40472094961797E-0009  7.10219513408439E-0012 -2.45969570312500E+0004  2.83903160095215E+0001
ch(/ch3)(/ch2/o/oh)/ch2/c(//ch2)/ch3	C7H14O2PY  1.84741096496582E+0001  4.00649756193161E-0002 -1.35504751597181E-0005  2.15590922891806E-0009 -1.32709015760075E-0013 -2.83212617187500E+0004 -5.99735107421875E+0001  1.33481025695801E+0000  8.15356373786926E-0002 -3.39047401212156E-0005 -1.29716202224017E-0008  1.10284420484774E-0011 -2.35828867187500E+0004  2.93792667388916E+0001
ch3/c(/o/oh)//ch2	C3H6O2PY  1.09095077514648E+0001  1.67946759611368E-0002 -5.72753924643621E-0006  9.15816256163993E-0010 -5.65262219627202E-0014 -1.23320664062500E+0004 -2.74714622497559E+0001  5.16720294952393E-0001  5.11069409549236E-0002 -4.71721941721626E-0005  2.20344915646820E-0008 -3.67314468771585E-0012 -9.83687207031250E+0003  2.45940322875977E+0001
c(/ch3)3/ch2/c(/o/oh)//ch2	C7H14O2PZ  1.93240928649902E+0001  4.09050546586514E-0002 -1.42229500852408E-0005  2.30574226378621E-0009 -1.43691861794609E-0013 -2.69653378906250E+0004 -6.97262496948242E+0001  4.17084646224976E+0000  5.78009933233261E-0002  4.28631465183571E-0005 -9.99678633206713E-0008  4.34210827016113E-0011 -2.24333105468750E+0004  1.27096872329711E+0001
c(/o/oh)(/ch3)2/ch//c(/ch3)2	C7H14O2PZ  2.00904102325439E+0001  3.76604236662388E-0002 -1.24675179904443E-0005  1.95301796956926E-0009 -1.18896713763479E-0013 -3.42325312500000E+0004 -7.04721603393555E+0001  5.51718330383301E+0000  6.05087541043758E-0002  1.13163650894421E-0005 -5.50155974110567E-0008  2.48485763215678E-0011 -2.97627695312500E+0004  8.20352840423584E+0000
c(/ch3)3/ch//c(/o/oh)/ch3	C7H14O2PZ  1.81449565887451E+0001  4.08730432391167E-0002 -1.39616013257182E-0005  2.23717622205299E-0009 -1.38405373316733E-0013 -2.76313828125000E+0004 -6.33564758300781E+0001  4.77796649932861E+0000  5.33850193023682E-0002  4.09100903198123E-0005 -8.98341596666796E-0008  3.80271196476212E-0011 -2.34262167968750E+0004  1.01806612014770E+0001
c(/o/oh)(/ch3)2/ch2/c(//ch2)/ch3	C7H14O2PY  1.87063846588135E+0001  4.00941856205463E-0002 -1.36211310746148E-0005  2.17476903152658E-0009 -1.34236792146379E-0013 -3.23866367187500E+0004 -6.31215286254883E+0001  4.63580131530762E+0000  6.10365830361843E-0002  1.76607445609989E-0005 -6.57822880612002E-0008  2.97460389653281E-0011 -2.82013339843750E+0004  1.26735591888427E+0001
c(/ch3)2//ch/o/oh	C4H8O2PZ  1.20366315841674E+0001  2.40594819188118E-0002 -8.38335472508334E-0006  1.36113853521635E-0009 -8.49173094580151E-0014 -1.68134707031250E+0004 -3.16719207763672E+0001  5.26171875000000E+0000  3.03725022822618E-0002  1.95590146176983E-0005 -4.56158062434042E-0008  1.94651655904821E-0011 -1.46749716796875E+0004  5.61477851867676E+0000
c(/ch3)3/ch(/o/oh)/ch//ch2	C7H14O2PZ  2.06007881164551E+0001  3.83409671485424E-0002 -1.29666477732826E-0005  2.06161376858915E-0009 -1.26775394110497E-0013 -2.91248867187500E+0004 -7.57545471191406E+0001  2.49806717038155E-0001  8.64645168185234E-0002 -3.05939574900549E-0005 -2.51871039580465E-0008  1.70044291147864E-0011 -2.35739707031250E+0004  3.03152637481689E+0001
ch(/ch3)2/ch(/o/oh)/c(//ch2)/ch3	C7H14O2PY  1.92792606353760E+0001  3.94552759826183E-0002 -1.33601806737715E-0005  2.12775086438910E-0009 -1.31083972886373E-0013 -3.04354863281250E+0004 -6.55969696044922E+0001  1.59868156909943E+0000  8.13588052988052E-0002 -2.97219739877619E-0005 -1.98799483541734E-0008  1.40380311541843E-0011 -2.55846367187500E+0004  2.66071319580078E+0001
ch(//o)/ch2/ch2/ch3	C4H8OA  8.85754489898682E+0000  2.42627263069153E-0002 -8.46559851197526E-0006  1.37561306789990E-0009 -8.58588983872373E-0014 -2.94816835937500E+0004 -1.74775161743164E+0001  6.66312932968140E-0001  4.77311797440052E-0002 -3.29931099258829E-0005  1.21733547686631E-0008 -1.65405016072651E-0012 -2.72346386718750E+0004  2.46936168670654E+0001
c(/ch3)(//ch/o/oh)/ch2/ch(/ch3)2	C7H14O2PZ  1.82126102447510E+0001  4.19015884399414E-0002 -1.45880003401543E-0005  2.36819652776887E-0009 -1.47787042477886E-0013 -2.82542265625000E+0004 -6.08745803833008E+0001  4.02656984329224E+0000  6.53355717658997E-0002  7.65031290939078E-0006 -5.48699219393711E-0008  2.56639310497464E-0011 -2.40507617187500E+0004  1.51924104690551E+0001
c(/ch3)2(/ch//o)/ch2/ch(/ch3)2	C8H16OA  1.64410953521729E+0001  4.91488054394722E-0002 -1.72724303411087E-0005  2.82453083144674E-0009 -1.77262582867418E-0013 -4.43721953125000E+0004 -5.48771057128906E+0001 -2.73402714729309E+0000  9.85105782747269E-0002 -5.25300201843493E-0005  1.44166334425932E-0009  6.26653893706641E-0012 -3.90684726562500E+0004  4.46969757080078E+0001
ch(/o/oh)//ch/ch3	C3H6O2PZ  1.04397792816162E+0001  1.75737459212542E-0002 -6.09613562119193E-0006  9.87049109113514E-0010 -6.14819542390892E-0014 -1.19447128906250E+0004 -2.47931785583496E+0001  3.67861127853394E+0000  3.22693102061749E-0002 -1.03019056041375E-0005 -7.68827579378240E-0009  4.88913336899044E-0012 -9.95069628906250E+0003  1.09727573394775E+0001
c(/ch3)3/ch2/ch//ch/o/oh	C7H14O2PZ  1.94977397918701E+0001  4.08535636961460E-0002 -1.42342069011647E-0005  2.31151697782650E-0009 -1.44254576274656E-0013 -2.69293789062500E+0004 -7.08301849365234E+0001  2.68339085578918E+0000  7.04124718904495E-0002  6.82478457747493E-0006 -6.02056005050144E-0008  2.86357274698057E-0011 -2.20408691406250E+0004  1.88748703002930E+0001
ch(/ch3)(/ch//o)/ch2/c(/ch3)3	C8H16OA  1.74620609283447E+0001  4.83922027051449E-0002 -1.70405110111460E-0005  2.79052181362260E-0009 -1.75297845900549E-0013 -4.52205156250000E+0004 -6.21447830200195E+0001 -6.20864915847778E+0000  1.17155320942401E-0001 -8.29708878882229E-0005  2.22489848766827E-0008  1.16833539370864E-0012 -3.90879140625000E+0004  5.87466964721680E+0001
c(/ch3)3/ch//o	C5H10OA  1.03030023574829E+0001  3.13468985259533E-0002 -1.10957889773999E-0005  1.82279125127138E-0009 -1.14710975093746E-0013 -3.29037695312500E+0004 -2.71731491088867E+0001 -2.61487627029419E+0000  6.70473799109459E-0002 -4.22213342972100E-0005  8.11651457155449E-0009  1.91483764608313E-0012 -2.94402910156250E+0004  3.93173942565918E+0001
ch(/ch3)2/ch//o	C4H8OA  7.85446310043335E+0000  2.58878786116838E-0002 -9.23567040445050E-0006  1.52486367976933E-0009 -9.62579422094691E-0014 -2.98789179687500E+0004 -1.37303657531738E+0001 -1.91192257404327E+0000  5.26981987059116E-0002 -3.27858651871793E-0005  6.75936995264692E-0009  1.15836680525394E-0012 -2.72271796875000E+0004  3.66397247314453E+0001
c(/oh)(/ch3)3	C4H10OL  1.03278350830078E+0001  2.73990929126740E-0002 -9.36840569920605E-0006  1.50110934793445E-0009 -9.28055036790963E-0014 -4.42144375000000E+0004 -2.92030029296875E+0001  5.01474380493164E-0001  5.03372438251972E-0002 -1.90725677384762E-0005 -8.66633165230724E-0009  6.67143076893417E-0012 -4.14334179687500E+0004  2.22871150970459E+0001
ch(/oh)(/ch3)2	C3H7OH  7.86951780319214E+0000  2.21702363342047E-0002 -7.64779269957216E-0006  1.23329335632860E-0009 -7.65986666456664E-0014 -3.66697539062500E+0004 -1.52474479675293E+0001  1.33377984166145E-0001  4.02734540402889E-0002 -1.47286955325398E-0005 -8.01149635520915E-0009  5.88639206822172E-0012 -3.45063242187500E+0004  2.52199954986572E+0001
c(/o/oh)(/ch3)3	C4H10O2P  1.31735086441040E+0001  2.66728978604078E-0002 -8.90757655724883E-0006  1.40363765055440E-0009 -8.57810594475164E-0014 -3.58763710937500E+0004 -4.04105987548828E+0001  4.71510219573975E+0000  3.49786616861820E-0002  2.28706121561117E-0005 -5.23392174045512E-0008  2.20916843846064E-0011 -3.31633593750000E+0004  6.19306421279907E+0000
ch(/o/oh)(/ch3)2	C3H8O2P  1.13369255065918E+0001  2.03940477222204E-0002 -6.70932422508486E-0006  1.04778608012168E-0009 -6.37281907475175E-0014 -3.05751328125000E+0004 -2.97763900756836E+0001  1.02776753902435E+0000  4.92908768355846E-0002 -3.27000234392472E-0005  7.37824823460187E-0009  1.00035333749221E-0012 -2.78462539062500E+0004  2.31590995788574E+0001
c(/ch3)4	C5H12  7.11513757705688E+0000  3.92832569777966E-0002 -1.45801741382456E-0005  2.47494424954198E-0009 -1.59266141399293E-0013 -2.41221269531250E+0004 -1.57856369018554E+0001 -1.17653036117554E+0000  5.97876645624638E-0002 -1.93213709280826E-0005 -1.52301744549277E-0008  1.00687496534801E-0011 -2.21215898437500E+0004  2.67020664215088E+0001
c(/ch3)3/ch2/oh	C5H12OL  1.02593889236450E+0001  3.66461463272572E-0002 -1.29728987303678E-0005  2.13182094199738E-0009 -1.34213644429997E-0013 -4.09255859375000E+0004 -2.88700332641602E+0001 -1.71828436851501E+0000  6.36999011039734E-0002 -2.53726993832970E-0005 -6.74730449290450E-0009  6.06382739160027E-0012 -3.73613515625000E+0004  3.44251518249512E+0001
ch(/ch3)2/ch2/oh	C4H10OL  9.43851089477539E+0000  2.82906629145145E-0002 -9.71713143371744E-0006  1.56298696207812E-0009 -9.69424939086493E-0014 -3.87916875000000E+0004 -2.18479614257813E+0001  7.03916244674474E-0004  5.14341183006763E-0002 -2.50480061367853E-0005  2.19331053319394E-0010  2.86537352005289E-0012 -3.60718671875000E+0004  2.75753917694092E+0001
c(/ch3)3/ch2/ch3	C6H14  1.05654916763305E+0001  4.24460098147392E-0002 -1.52377551785321E-0005  2.52880094642194E-0009 -1.60302110127630E-0013 -2.81577402343750E+0004 -3.12416229248047E+0001 -1.84156620502472E+0000  7.28849172592163E-0002 -3.08566595776938E-0005 -7.46396100481661E-0009  7.41670613813028E-0012 -2.47810449218750E+0004  3.32705154418945E+0001
ch(/ch3)2/ch2/ch3	C5H12  6.90378904342651E+0000  3.89452725648880E-0002 -1.43182978717959E-0005  2.41531772360304E-0009 -1.54802372634953E-0013 -2.28135546875000E+0004 -1.02853698730468E+0001 -3.79445195198059E-0001  5.47356605529785E-0002 -1.56329660967458E-0005 -1.27974359998006E-0008  7.86056636448151E-0012 -2.07871757812500E+0004  2.79594535827637E+0001
c(/ch3)3/c(/ch3)3	C8H18  1.60165843963623E+0001  5.35185039043427E-0002 -1.91554190678289E-0005  3.16983173043184E-0009 -2.00405623628115E-0013 -3.46104335937500E+0004 -6.30641937255859E+0001 -3.93743038177490E+0000  9.94655415415764E-0002 -2.67173836618895E-0005 -3.85705618555221E-0008  2.31360833269356E-0011 -2.93414843750000E+0004  4.06865539550781E+0001
c(/ch3)3/ch(/ch3)2	C7H16  1.29214973449707E+0001  4.83246222138405E-0002 -1.73103835550137E-0005  2.86527179760299E-0009 -1.81136681175198E-0013 -3.12521035156250E+0004 -4.42632217407227E+0001 -2.28091239929199E+0000  8.35119038820267E-0002 -2.62916000792757E-0005 -2.32155077384277E-0008  1.49034638796675E-0011 -2.71463203125000E+0004  3.49770774841309E+0001
ch(/ch3)2/ch(/ch3)2	C6H14  9.77842426300049E+0000  4.32177819311619E-0002 -1.55177276610630E-0005  2.57334065167925E-0009 -1.62920756529780E-0013 -2.72511093750000E+0004 -2.65825500488281E+0001 -4.46977078914642E-0001  6.63065984845161E-0002 -2.28115768550197E-0005 -1.09501172573800E-0008  7.77639324461843E-0012 -2.43458300781250E+0004  2.71331195831299E+0001
ch2(/o/oh)/ch2/ch3	C3H8O2P  1.05958805084228E+0001  2.10929084569216E-0002 -6.95771768732811E-0006  1.08727726821911E-0009 -6.60884446669098E-0014 -2.75455039062500E+0004 -2.44263916015625E+0001  1.82135677337646E+0000  4.27588112652302E-0002 -2.04795542231295E-0005 -1.91620164180506E-0009  3.56418713987061E-0012 -2.50718378906250E+0004  2.13744735717773E+0001
ch2(/o/oh)/ch2/ch2/ch3	C4H10O2P  1.25530900955200E+0001  2.71145589649677E-0002 -9.04504940990591E-0006  1.42504663624976E-0009 -8.71250161317387E-0014 -3.10278906250000E+0004 -3.29556274414063E+0001  1.90463960170746E+0000  5.25199882686138E-0002 -2.23572533286642E-0005 -5.74360425886766E-0009  5.63286873742075E-0012 -2.79965898437500E+0004  2.28114833831787E+0001
ch(/ch3)2/ch2/o/oh	C4H10O2P  1.28982734680175E+0001  2.67212614417076E-0002 -8.88277736521559E-0006  1.39555467182361E-0009 -8.51297588737136E-0014 -3.19905195312500E+0004 -3.66189804077148E+0001  1.52281367778778E+0000  5.47415278851986E-0002 -2.69689753622515E-0005 -1.21278165288174E-0009  3.95828465490911E-0012 -2.87530566406250E+0004  2.28413410186768E+0001
c(/ch3)3/ch2/o/oh	C5H12O2P  1.60374126434326E+0001  3.18336375057697E-0002 -1.06786355900112E-0005  1.68859515259356E-0009 -1.03473226352197E-0013 -3.56775039062500E+0004 -5.49697189331055E+0001 -3.35665166378021E-0001  7.21102580428123E-0002 -3.08251364913303E-0005 -1.31181128182333E-0008  1.09628261329985E-0011 -3.12388203125000E+0004  3.00971221923828E+0001
o(#1)/ch2/ch2/1	C2H4OE#3  4.31482791900635E+0000  1.38772064819932E-0002 -5.17842318004114E-0006  8.82296458115661E-0010 -5.69212984581104E-0014 -8.68522265625000E+0003 -4.39434051513672E-0001 -9.20335233211517E-0001  2.64219623059034E-0002 -1.34074325615074E-0005  3.13993692158121E-0010  1.42285684102960E-0012 -7.13331396484375E+0003  2.71130313873291E+0001
c(#1)h(/ch3)/o/ch2/1	C3H6OE#3  7.10314273834229E+0000  1.87535863369703E-0002 -6.74364719088771E-0006  1.12001141694406E-0009 -7.10122810706169E-0014 -1.50191542968750E+0004 -1.33390426635742E+0001  7.44233056902885E-0002  3.51906791329384E-0002 -2.59113003266975E-0005  1.72986016622190E-0008 -6.52691832872532E-0012 -1.25732304687500E+0004  2.45814743041992E+0001
o(#1)/ch2/ch2/ch2/1	C3H6OE#4  4.19269829988480E-0001  3.29151824116707E-0002 -1.44989289765362E-0005  2.77628742217928E-0009 -1.94580937191817E-0013 -1.18614912109375E+0004  1.93678951263428E+0001  4.28622275590897E-0001  1.95934101939201E-0002  2.52902664215071E-0005 -3.89737628836428E-0008  1.50626490447170E-0011 -1.10869570312500E+0004  2.28328399658203E+0001
c(#1)h(/ch2/ch3)/ch2/o/1	C4H8OE#3  7.47459445376321E-0316  0.00000000000000E+0000  0.00000000000000E+0000  7.46467084882710E-0316  7.46466907019077E-0316  7.46466373428180E-0316  7.46466432716057E-0316  7.46466610579690E-0316  7.46467203458465E-0316  6.13967473036584E-0318  7.46466788443322E-0316  1.06846256395994E-0313  1.27319747457916E-0313  2.63172040052577E-0308
c(#1)h(/ch3)/ch2/ch2/o/1	C4H8OE#4  0.00000000000000E+0000  0.00000000000000E+0000  0.00000000000000E+0000  7.46467084882710E-0316  7.46466907019077E-0316  7.46466373428180E-0316  7.46466432716057E-0316  7.46466610579690E-0316  7.46467203458465E-0316  6.13967473036584E-0318  7.46466788443322E-0316  1.06846256395994E-0313  1.27319747457916E-0313  2.63172040052577E-0308
c(#1)h2/ch2/ch2/ch2/o/1	C4H8OE#5  0.00000000000000E+0000  0.00000000000000E+0000  0.00000000000000E+0000  0.00000000000000E+0000  0.00000000000000E+0000 -2.21935488281250E+0004  1.81160144805908E+0001  0.00000000000000E+0000  0.00000000000000E+0000  0.00000000000000E+0000  0.00000000000000E+0000  0.00000000000000E+0000 -2.21935488281250E+0004  1.81160144805908E+0001
c(#1)(/ch3)(/ch2/ch(/ch3)2)/ch2/o/ch2/1	C8H16OE#4  7.47380572736619E-0316  0.00000000000000E+0000  0.00000000000000E+0000  7.46429614944129E-0316  7.46472717231073E-0316  7.46437263080327E-0316  7.46437322368204E-0316  7.46453962499156E-0316  7.46439021954026E-0316  6.13967473036584E-0318  7.46470681680612E-0316  7.46472657943195E-0316  1.27319747457916E-0313  2.63172040052577E-0308
c(#1)(/ch3)2/ch(/ch(/ch3)2)/o/ch2/1	C8H16OE#4  7.47699778669084E-0316  0.00000000000000E+0000  0.00000000000000E+0000  7.46429614944129E-0316  7.46472717231073E-0316  7.46437263080327E-0316  7.46437322368204E-0316  7.46453962499156E-0316  7.46439021954026E-0316  6.13967473036584E-0318  7.46470681680612E-0316  7.46472657943195E-0316  1.27319747457916E-0313  2.63172040052577E-0308
c(#1)(/ch3)2/ch2/c(/ch3)2/o/ch2/1	C8H16OE#5  1.41115484237670E+0001  5.50032258033752E-0002 -2.03646632144228E-0005  3.45252515465688E-0009 -2.22066763306931E-0013 -4.52533945312500E+0004 -5.16622695922852E+0001 -3.03527450561523E+0000  7.83869400620461E-0002  2.63784659182420E-0005 -9.05610946233537E-0008  4.08999223378004E-0011 -4.01004648437500E+0004  4.10858802795410E+0001
c(#1)(/ch3)2/ch2/ch(/ch3)/ch2/o/ch2/1	C8H16OE#6  1.37086668014526E+0001  5.66898509860039E-0002 -2.13449075090466E-0005  3.66132102413985E-0009 -2.37413468875611E-0013 -4.43875273437500E+0004 -5.09297103881836E+0001 -7.24925422668457E+0000  1.03281758725643E-0001 -3.16561345243827E-0005 -3.20303641387909E-0008  2.01504229968563E-0011 -3.84431328125000E+0004  5.92064628601074E+0001
c(#1)(/ch3)(/ch2/c(/ch3)3)/ch2/o/1	C8H16OE#3  7.47754540905269E-0316  0.00000000000000E+0000  0.00000000000000E+0000  7.47874341943073E-0316  7.47874164079440E-0316  7.47873630488542E-0316  7.47873689776420E-0316  7.47873867640053E-0316  7.47874460518828E-0316  2.93934277054074E-0317  7.47874045503685E-0316  1.06847663653055E-0313  1.27319747457916E-0313  2.63172040052577E-0308
c(.)h2/c(/ch3)2/ch2/ch(/ch3)2	R26C8H17  1.94402217864990E+0001  4.34313863515854E-0002 -1.39062094604014E-0005  2.12790784992478E-0009 -1.27492322797053E-0013 -1.15557519531250E+0004 -7.46101608276367E+0001 -3.52084302902222E+0000  1.05573765933513E-0001 -6.44868996459991E-0005  8.39080094294786E-0009  5.04611890467244E-0012 -5.40609521484375E+0003  4.37661972045898E+0001
c(.)h2/ch(/ch3)/ch2/c(/ch3)3	R27C8H17  1.94045066833496E+0001  4.34938445687294E-0002 -1.39423309519770E-0005  2.13634399059970E-0009 -1.28178487246965E-0013 -1.18936601562500E+0004 -7.48164596557617E+0001 -3.39742779731750E+0000  1.04712128639221E-0001 -6.24044259893708E-0005  6.30133767387520E-0009  5.78879002025023E-0012 -5.77147607421875E+0003  4.28389205932617E+0001
c(.)(/ch3)2/ch2/c(/ch3)3	R28C8H17  1.81956939697266E+0001  4.45037484169006E-0002 -1.42905373650137E-0005  2.19307416671199E-0009 -1.31758143349751E-0013 -1.37517539062500E+0004 -6.89584274291992E+0001 -1.73160409927368E+0000  9.47674587368965E-0002 -4.60952614957932E-0005 -5.76774450422590E-0009  9.35818349895312E-0012 -8.26252050781250E+0003  3.46142501831055E+0001
c(.)h(/ch(/ch3)2)/c(/ch3)3	R29C8H17  1.90883235931396E+0001  4.34402674436569E-0002 -1.38463146868161E-0005  2.11196771182642E-0009 -1.26257741783244E-0013 -1.24850742187500E+0004 -7.34582138061523E+0001 -3.71490502357483E+0000  1.07866734266281E-0001 -7.25974314264022E-0005  1.72276362064849E-0008  1.92914781371734E-0012 -6.50137304687500E+0003  4.34575881958008E+0001
o(.)/o/ch2/ch2/ch3	R30C3H7O2U  1.35026893615722E+0001  1.37719642370939E-0002 -3.56213058694266E-0006  4.66380267738487E-0010 -2.50586989445365E-0014 -1.09720878906250E+0004 -4.23372001647949E+0001  3.45933586359024E-0001  4.78042028844357E-0002 -3.44335603585932E-0005  1.14721387944882E-0008 -1.03434556926462E-0012 -7.09055810546875E+0003  2.65336627960205E+0001
o(.)/o/ch2/ch2/ch2/ch3	R31C4H9O2U  1.55958328247070E+0001  1.94812528789043E-0002 -5.42852740181843E-0006  7.53120288354836E-0010 -4.22527782889797E-0014 -1.44955791015625E+0004 -5.15819549560547E+0001  2.49883472919464E-0001  5.87995350360870E-0002 -3.92506954085547E-0005  1.05530135741105E-0008  1.42312631270331E-0014 -9.99598535156250E+0003  2.87361564636230E+0001
o(.)/o/ch2/c(/ch3)2/ch2/ch(/ch3)2	R32C8H17O2U  2.55845909118652E+0001  4.12421077489853E-0002 -1.27276161947520E-0005  1.89844895359670E-0009 -1.11832635166231E-0013 -3.07444003906250E+0004 -1.03279754638671E+0002 -1.94450008869171E+0000  1.08640834689140E-0001 -5.49018986930605E-0005 -6.87576484637020E-0009  1.09895139863147E-0011 -2.28832949218750E+0004  4.07222938537598E+0001
c(.)h2/ch(/ch3)2	R33C4H9  8.14862728118896E+0000  2.37721130251884E-0002 -7.45182478567585E-0006  1.12368525595485E-0009 -6.66749912659609E-0014  4.36977929687500E+0003 -1.72537193298340E+0001 -1.13841390609741E+0000  5.38599751889706E-0002 -4.32008419011254E-0005  1.96476523939282E-0008 -3.62642880134822E-0012  6.61018652343750E+0003  2.94008178710938E+0001
o(.)/o/ch2/ch(/ch3)/ch2/c(/ch3)3	R34C8H17O2U  2.55658607482910E+0001  4.12742011249065E-0002 -1.27458924907841E-0005  1.90267757105289E-0009 -1.12174755161759E-0013 -3.07365703125000E+0004 -1.03579109191894E+0002 -1.94952678680420E+0000  1.08665876090526E-0001 -5.49392498214729E-0005 -6.85790402243924E-0009  1.09887767288374E-0011 -2.28826132812500E+0004  4.03404197692871E+0001
c(.)h2/c(/ch3)3	R35C5H11  1.03170413970947E+0001  3.00177987664938E-0002 -9.69000666373177E-0006  1.49162682205883E-0009 -8.97512655016232E-0014 -5.45250000000000E+0002 -2.92185974121094E+0001 -1.04335069656372E+0000  5.86711950600147E-0002 -2.58589261648012E-0005 -6.33245278436334E-0009  6.62679936966337E-0012  2.49079321289063E+0003  2.96161575317383E+0001
o(.)/o/c(/ch3)2/ch2/c(/ch3)3	R36C8H17O2U  2.58162784576416E+0001  4.12615574896336E-0002 -1.27859711938072E-0005  1.91387772296991E-0009 -1.13073612972858E-0013 -3.44401367187500E+0004 -1.06823707580566E+0002  1.30706405639648E+0000  8.84702205657959E-0002 -4.09210815632832E-0006 -5.89610067436297E-0008  2.94589665161826E-0011 -2.71288925781250E+0004  2.38229751586914E+0001
c(.)(/ch3)3	R37C4H9  4.91210222244263E+0000  2.71745026111603E-0002 -8.75239675224293E-0006  1.34409150476244E-0009 -8.06852821317802E-0014  2.49052246093750E+0003  3.36921691894531E-0001  1.19402229785919E+0000  2.65830047428608E-0002  1.47915761772310E-0005 -2.93153803454516E-0008  1.13370918555788E-0011  4.03767358398438E+0003  2.22053985595703E+0001
o(.)/o/ch(/ch(/ch3)2)/c(/ch3)3	R38C8H17O2U  2.56879329681396E+0001  4.13263365626335E-0002 -1.27899238577811E-0005  1.91136750871124E-0009 -1.12727698269726E-0013 -3.30885351562500E+0004 -1.05263160705566E+0002  2.36045718193054E+0000  8.06638598442078E-0002  1.29476902657188E-0005 -7.39738155175473E-0008  3.41260630865037E-0011 -2.58854882812500E+0004  2.04063644409180E+0001
c(.)h(/ch3)/ch2/o/oh	R39C3H7O2P  1.36495590209960E+0001  1.27508137375116E-0002 -3.11892767967947E-0006  3.92890248113176E-0010 -2.06142679423822E-0014 -4.96593164062500E+0003 -3.90100173950195E+0001  1.51499211788177E+0000  4.88246493041515E-0002 -4.56568959634751E-0005  2.45649154351213E-0008 -5.57135934609043E-0012 -1.62181567382813E+0003  2.33380966186523E+0001
c(.)h2/ch2/ch2/o/oh	R40C3H7O2P  1.41882238388061E+0001  1.23684760183095E-0002 -3.01912700706453E-0006  3.81579906560958E-0010 -2.01660790930674E-0014 -4.06195800781250E+0003 -4.21916961669922E+0001  6.43849253654480E-0001  5.40552251040936E-0002 -5.44154863746371E-0005  3.11876640068931E-0008 -7.55968031229681E-0012 -4.22456878662109E+0002  2.69971485137939E+0001
c(.)h(/ch2/o/oh)/ch2/ch3	R41C4H9O2P  1.60515003204346E+0001  1.78642664104700E-0002 -4.69451788376318E-0006  6.23121387821612E-0010 -3.38685107520095E-0014 -8.56254882812500E+0003 -4.98617858886719E+0001  4.17460650205612E-0001  6.69291466474533E-0002 -6.64108447381295E-0005  3.82300981982553E-0008 -9.33501539956971E-0012 -4.43035644531250E+0003  2.97172451019287E+0001
c(.)h(/ch3)/ch2/ch2/o/oh	R42C4H9O2P  1.58361902236938E+0001  1.82760525494814E-0002 -4.87055831399630E-0006  6.54268750288622E-0010 -3.59145967631334E-0014 -8.52317480468750E+0003 -4.87643966674805E+0001  1.42252469062805E+0000  5.97929880023003E-0002 -5.04043819091748E-0005  2.35722463770571E-0008 -4.49560397589033E-0012 -4.52759228515625E+0003  2.55272541046143E+0001
c(.)h2/ch2/ch2/ch2/o/oh	R43C4H9O2P  1.63994064331055E+0001  1.78481396287680E-0002 -4.74335411126958E-0006  6.36751318339179E-0010 -3.49831349598286E-0014 -7.62874902343750E+0003 -5.20821304321289E+0001  6.08328282833099E-0001  6.46333843469620E-0002 -5.82372522330843E-0005  2.92816171310051E-0008 -6.16405320882918E-0012 -3.33439672851563E+0003  2.89444637298584E+0001
c(.)h2/c(/ch3)(/ch2/o/oh)/ch2/ch(/ch3)2	R44C8H17O2P  2.65102710723877E+0001  3.93504574894905E-0002 -1.18719608508399E-0005  1.74390779594802E-0009 -1.01737689724591E-0013 -2.39180078125000E+0004 -1.03743057250976E+0002 -1.74549531936646E+0000  1.15581505000591E-0001 -7.65473887440749E-0005  1.45051117783623E-0008  3.87367438473007E-0012 -1.62046689453125E+0004  4.22999496459961E+0001
c(.)h(/ch(/ch3)2)/c(/ch3)2/ch2/o/oh	R45C8H17O2P  2.62171211242676E+0001  3.92613969743252E-0002 -1.17579438665416E-0005  1.71520098124489E-0009 -9.94353931875816E-0014 -2.48720976562500E+0004 -1.02516586303710E+0002 -1.95290553569794E+0000  1.17988318204879E-0001 -8.49800562718883E-0005  2.37068569219900E-0008  6.14172341456554E-0013 -1.72987988281250E+0004  4.24502487182617E+0001
c(.)(/ch3)2/ch2/c(/ch3)2/ch2/o/oh	R46C8H17O2P  2.52772636413574E+0001  4.04001027345657E-0002 -1.22419160106801E-0005  1.80572623520447E-0009 -1.05740354081236E-0013 -2.61178261718750E+0004 -9.77481613159180E+0001 -1.17404252290725E-0001  1.05904839932918E-0001 -6.08959635428619E-0005  3.10486725219050E-0009  7.20254801980791E-0012 -1.90439570312500E+0004  3.42341651916504E+0001
c(.)h2/ch(/ch3)/ch2/c(/ch3)2/ch2/o/oh	R47C8H17O2P  2.65684661865234E+0001  3.92457544803619E-0002 -1.18099051178433E-0005  1.72913205975789E-0009 -1.00517582809784E-0013 -2.42933789062500E+0004 -1.04066871643066E+0002 -1.71666038036346E+0000  1.15381136536598E-0001 -7.60655966587365E-0005  1.40244589275084E-0008  4.04345220500479E-0012 -1.65600058593750E+0004  4.21778945922852E+0001
o(.)/o/ch2/ch(/ch3)2	R48C4H9O2U  1.59048824310302E+0001  1.91597193479538E-0002 -5.31113664692384E-0006  7.33985594525421E-0010 -4.10680739632366E-0014 -1.54456376953125E+0004 -5.50480957031250E+0001  3.43783721327782E-0002  5.98638169467449E-0002 -4.10741886298638E-0005  1.22936576474330E-0008 -6.70769971684859E-0013 -1.07701416015625E+0004  2.80630950927734E+0001
c(.)(/ch3)(/ch2/o/oh)/ch2/c(/ch3)3	R49C8H17O2P  2.56373233795166E+0001  3.97219657897949E-0002 -1.19056812764029E-0005  1.73739644893089E-0009 -1.00726921920500E-0013 -2.62133281250000E+0004 -1.00052597045898E+0002 -1.20103204250336E+0000  1.13586820662021E-0001 -7.82160859671421E-0005  1.90763991270160E-0008  1.89746959464165E-0012 -1.89383222656250E+0004  3.83513259887695E+0001
c(.)h2/ch(/ch2/o/oh)/ch2/c(/ch3)3	R50C8H17O2P  2.64938697814941E+0001  3.93794402480125E-0002 -1.18888819997664E-0005  1.74788816753590E-0009 -1.02063499253686E-0013 -2.42637187500000E+0004 -1.04750228881835E+0002 -1.70045566558838E+0000  1.15266084671020E-0001 -7.57826346671209E-0005  1.37354296825265E-0008  4.14802437190276E-0012 -1.65617011718750E+0004  4.10111312866211E+0001
c(.)h(/c(/ch3)3)/ch(/ch3)/ch2/o/oh	R51C8H17O2P  2.61978397369385E+0001  3.92948575317860E-0002 -1.17770214274060E-0005  1.71957814654178E-0009 -9.97845808260213E-0014 -2.48640292968750E+0004 -1.02813613891601E+0002 -2.07023525238037E+0000  1.18806555867195E-0001 -8.69556315592490E-0005  2.56868855075254E-0008 -8.87180276075081E-0014 -1.72863085937500E+0004  4.25410766601563E+0001
c(.)h2/c(/ch3)2/ch2/ch(/ch3)/ch2/o/oh	R52C8H17O2P  2.65630130767822E+0001  3.92549075186253E-0002 -1.18148382171057E-0005  1.73018999127805E-0009 -1.00596289111243E-0013 -2.39388613281250E+0004 -1.04036247253418E+0002 -1.71026742458344E+0000  1.15340352058410E-0001 -7.59754839236848E-0005  1.39411753252716E-0008  4.07102129784676E-0012 -1.62084873046875E+0004  4.21502990722656E+0001
o(.)/o/ch2/c(/ch3)3	R53C5H11O2U  1.92083511352539E+0001  2.39298846572638E-0002 -6.87898454998503E-0006  9.73367386691848E-0010 -5.52064497632079E-0014 -1.91895390625000E+0004 -7.42863540649414E+0001 -1.68912112712860E+0000  7.62965679168701E-0002 -4.26824917667545E-0005 -1.85580784073380E-0009  7.12851565970452E-0012 -1.32703535156250E+0004  3.47504692077637E+0001
c(.)h2/c(/o/oh)(/ch3)/ch2/c(/ch3)3	R54C8H17O2P  2.68211364746094E+0001  3.92276123166084E-0002 -1.18460584417334E-0005  1.73942504844149E-0009 -1.01349138771026E-0013 -2.76454453125000E+0004 -1.07728683471679E+0002  1.64709353446960E+0000  9.44411903619766E-0002 -2.34285034821369E-0005 -3.98664070644372E-0008  2.31464205441290E-0011 -2.04654707031250E+0004  2.48017635345459E+0001
c(.)h(/c(/o/oh)(/ch3)2)/c(/ch3)3	R55C8H17O2P  2.64772872924805E+0001  3.92283722758293E-0002 -1.17846238936181E-0005  1.72315595126094E-0009 -1.00069820865075E-0013 -2.85787167968750E+0004 -1.06218322753906E+0002  1.21091115474701E+0000  9.84225943684578E-0002 -3.56155615008902E-0005 -2.69419171416985E-0008  1.85769628846533E-0011 -2.15349472656250E+0004  2.59226455688477E+0001
c(.)h2/c(/ch3)2/ch2/c(/o/oh)(/ch3)2	R56C8H17O2P  2.68600025177002E+0001  3.91584970057011E-0002 -1.18054476843099E-0005  1.72981484691803E-0009 -1.00559073871672E-0013 -2.76608378906250E+0004 -1.07539344787597E+0002  1.52183485031128E+0000  9.53155830502510E-0002 -2.55415907304268E-0005 -3.77463855727456E-0008  2.23929711579141E-0011 -2.04521542968750E+0004  2.57368545532227E+0001
o(.)/o/c(/ch3)3	R57C4H9O2U  1.62208480834961E+0001  1.90246682614088E-0002 -5.27638439962175E-0006  7.27518878473887E-0010 -4.05367471360829E-0014 -1.93455292968750E+0004 -5.90602264404297E+0001  3.33531117439270E+0000  3.93522754311562E-0002  1.05514855022192E-0005 -4.06043163536651E-0008  1.80861853271708E-0011 -1.51921376953125E+0004  1.09539718627929E+0001
c(.)(/ch3)2/ch(/o/oh)/c(/ch3)3	R58C8H17O2P  2.54108009338379E+0001  4.04295474290848E-0002 -1.22715637189685E-0005  1.81098658291745E-0009 -1.06016066693699E-0013 -2.84738886718750E+0004 -9.98995361328125E+0001  4.17340135574341E+0000  7.80307576060295E-0002  6.69402606945368E-0006 -6.37220054500176E-0008  3.02392104412075E-0011 -2.20447539062500E+0004  1.39772319793701E+0001
c(.)h2/ch(/ch3)/ch(/o/oh)/c(/ch3)3	R59C8H17O2P  2.66792221069336E+0001  3.93148176372051E-0002 -1.18623011076124E-0005  1.73967862338031E-0009 -1.01221541727852E-0013 -2.66401171875000E+0004 -1.06090774536132E+0002  2.56950497627258E+0000  8.75375196337700E-0002 -8.54437348607462E-0006 -5.27379953041418E-0008  2.70586469897083E-0011 -1.95602812500000E+0004  2.19408473968506E+0001
c(.)h2/c(/ch3)2/ch(/o/oh)/ch(/ch3)2	R60C8H17O2P  2.67201881408691E+0001  3.92417609691620E-0002 -1.18193029265967E-0005  1.72948655396965E-0009 -1.00382782598426E-0013 -2.63040683593750E+0004 -1.05913131713867E+0002  2.47185397148132E+0000  8.82146805524826E-0002 -1.01707064459333E-0005 -5.11151583282299E-0008  2.64846408692954E-0011 -1.91975683593750E+0004  2.27598457336426E+0001
o(.)/o/ch(/ch3)/ch2/o/oh	R61C3H7O4UP  1.89164733886719E+0001  1.29127223044633E-0002 -3.11428902932676E-0006  3.88739845869068E-0010 -2.02980400499861E-0014 -2.53428125000000E+0004 -6.40613098144531E+0001  1.49595487117767E+0000  6.30199611186981E-0002 -5.50439035578165E-0005  2.26218723753391E-0008 -3.02019173559209E-0012 -2.06243457031250E+0004  2.54718666076660E+0001
o(.)/o/ch2/ch2/ch2/o/oh	R62C3H7O4UP  1.81750888824463E+0001  1.35863805189728E-0002 -3.33810908159649E-0006  4.23274110206151E-0010 -2.23832827001957E-0014 -2.25782675781250E+0004 -5.86957397460938E+0001  2.26981258392334E+0000  5.66462017595768E-0002 -4.32730303145945E-0005  1.38613662770126E-0008 -6.77376015521813E-0013 -1.81197851562500E+0004  2.37660331726074E+0001
o(.)/o/ch(/ch2/o/oh)/ch2/ch3	R63C4H9O4UP  2.11673183441162E+0001  1.83411017060280E-0002 -4.82311361338361E-0006  6.42722819410579E-0010 -3.51464158070049E-0014 -2.86573691406250E+0004 -7.34932632446289E+0001  1.24641132354736E+0000  7.50561803579330E-0002 -6.22795123490505E-0005  2.40121362793388E-0008 -2.74946146579247E-0012 -2.32413593750000E+0004  2.90173816680908E+0001
o(.)/o/ch(/ch3)/ch2/ch2/o/oh	R64C4H9O4UP  2.12358036041260E+0001  1.82196274399757E-0002 -4.75199021821027E-0006  6.25949292398786E-0010 -3.37718507402007E-0014 -2.89566171875000E+0004 -7.38740310668945E+0001  1.23932039737701E+0000  7.51036480069160E-0002 -6.23906526016071E-0005  2.41215065699407E-0008 -2.78794522190484E-0012 -2.35123105468750E+0004  2.90487899780273E+0001
o(.)/o/ch2/ch2/ch2/ch2/o/oh	R65C4H9O4UP  2.04599838256836E+0001  1.89473833888769E-0002 -5.00428041050327E-0006  6.66127930593063E-0010 -3.62453936222223E-0014 -2.61759687500000E+0004 -6.96986618041992E+0001  2.26204705238342E+0000  6.70430883765221E-0002 -4.66879973828327E-0005  1.15775673492635E-0008  8.42157615345285E-0013 -2.10348535156250E+0004  2.48976383209229E+0001
c(.)h(/o/oh)/ch2/ch2/ch3	R66C4H9O2P  1.60518245697021E+0001  1.78357064723969E-0002 -4.67046402263804E-0006  6.16622919391574E-0010 -3.32997823380369E-0014 -1.04289091796875E+0004 -4.98701400756836E+0001  3.85998159646988E-0001  6.71100690960884E-0002 -6.70456283842213E-0005  3.90307803854739E-0008 -9.66012166092600E-0012 -6.28671923828125E+0003  2.98607616424561E+0001
o(.)/o/ch2/c(/ch3)(/ch2/o/oh)/ch2/ch(/ch3)2	R67C8H17O4UP  3.05944957733154E+0001  4.04170379042625E-0002 -1.21282146210433E-0005  1.77499470677134E-0009 -1.03304192457243E-0013 -4.22581992187500E+0004 -1.21499229431152E+0002 -5.25270542129874E-0003  1.17401763796806E-0001 -6.36132390354760E-0005 -4.54638637847893E-0009  1.13433689524766E-0011 -3.36981289062500E+0004  3.78795890808105E+0001
o(.)/o/ch(/ch(/ch3)2)/c(/ch3)2/ch2/o/oh	R68C8H17O4UP  3.07711429595947E+0001  4.03718873858452E-0002 -1.21157272587879E-0005  1.77060754946723E-0009 -1.02806103202939E-0013 -4.46320507812500E+0004 -1.23486282348632E+0002  4.37962198257446E+0000  8.88763666152954E-0002  5.54021971765906E-0006 -7.29341707028652E-0008  3.49328239945823E-0011 -3.67090195312500E+0004  1.76301155090332E+0001
o(.)/o/c(/ch3)2/ch2/c(/ch3)2/ch2/o/oh	R69C8H17O4UP  3.09285202026367E+0001  4.02544662356377E-0002 -1.20801723824115E-0005  1.76552017450149E-0009 -1.02520985136630E-0013 -4.61361445312500E+0004 -1.25208419799804E+0002  3.43372416496277E+0000  9.59352478384972E-0002 -9.69906250247732E-0006 -5.97229359300400E-0008  3.09045601609714E-0011 -3.81047421875000E+0004  2.05919494628906E+0001
c(.)h(/o/oh)/c(/ch3)2/ch2/ch(/ch3)2	R70C8H17O2P  2.61445236206055E+0001  3.93637754023075E-0002 -1.18113703138078E-0005  1.72708569667890E-0009 -1.00378974338295E-0013 -2.67094257812500E+0004 -1.02119041442871E+0002 -2.01453995704651E+0000  1.18389435112476E-0001 -8.61689186422154E-0005  2.50822740355261E-0008  7.93875260126330E-0014 -1.91520937500000E+0004  4.27199821472168E+0001
c(.)(/ch3)2/ch2/o/oh	R71C4H9O2P  1.55766773223877E+0001  1.83927603065968E-0002 -4.88656132802134E-0006  6.53893772462055E-0010 -3.57419578959559E-0014 -1.08187089843750E+0004 -4.94237670898438E+0001  2.03013586997986E+0000  5.59600442647934E-0002 -4.42690470663365E-0005  1.94858085222904E-0008 -3.47255080593301E-0012 -6.94893066406250E+0003  2.08582801818848E+0001
o(.)/o/ch2/ch(/ch3)/ch2/c(/ch3)2/ch2/o/oh	R72C8H17O4UP  3.06791362762451E+0001  4.02680113911629E-0002 -1.20414797493140E-0005  1.75462555596084E-0009 -1.01640091200276E-0013 -4.22923320312500E+0004 -1.21276916503906E+0002 -9.40116196870804E-0002  1.18016280233860E-0001 -6.50845395284705E-0005 -3.08393244274896E-0009  1.08281881724958E-0011 -3.36886250000000E+0004  3.89501075744629E+0001
c(.)h2/c(/ch3)2/ch2/o/oh	R73C5H11O2P  2.00479278564453E+0001  2.22211275249720E-0002 -6.14459440839710E-0006  8.46332004478256E-0010 -4.71758320342436E-0014 -1.23346406250000E+0004 -7.38814315795898E+0001 -1.45113980770111E+0000  8.29766020178795E-0002 -6.37248012935743E-0005  1.89437123765401E-0008  2.12041403315974E-0013 -6.59609375000000E+0003  3.65662384033203E+0001
c(.)h2/ch(/ch3)/ch2/o/oh	R74C4H9O2P  1.67359638214111E+0001  1.74787975847721E-0002 -4.59818602394080E-0006  6.10835049208447E-0010 -3.32201307478089E-0014 -8.94243652343750E+0003 -5.50101242065430E+0001  3.91074448823929E-0001  6.57127201557159E-0002 -6.01024548814166E-0005  3.10672696457459E-0008 -6.86554849430032E-0012 -4.46072802734375E+0003  2.89705238342285E+0001
o(.)/o/c(/ch3)(/ch2/o/oh)/ch2/c(/ch3)3	R75C8H17O4UP  3.09692115783691E+0001  4.01823930442333E-0002 -1.20379281725036E-0005  1.75552938852519E-0009 -1.01699593570755E-0013 -4.61522734375000E+0004 -1.25840911865234E+0002  3.26267981529236E+0000  9.71220210194588E-0002 -1.25501683214679E-0005 -5.68779334741976E-0008  2.98983268698372E-0011 -3.80864492187500E+0004  2.09099998474121E+0001
o(.)/o/ch2/ch(/ch2/o/oh)/ch2/c(/ch3)3	R76C8H17O4UP  3.06896133422852E+0001  4.02501262724400E-0002 -1.20314425657852E-0005  1.75235803645535E-0009 -1.01461367248405E-0013 -4.18739570312500E+0004 -1.23128456115722E+0002 -9.49762761592865E-0002  1.18018887937068E-0001 -6.50830625090748E-0005 -3.09085290695066E-0009  1.08318926744788E-0011 -3.32657421875000E+0004  3.71620788574219E+0001
o(.)/o/ch(/c(/ch3)3)/ch(/ch3)/ch2/o/oh	R77C8H17O4UP  3.08003044128418E+0001  4.03174087405205E-0002 -1.20824752229964E-0005  1.76252690220480E-0009 -1.02129127366439E-0013 -4.46427812500000E+0004 -1.24051956176757E+0002  4.17891979217529E+0000  9.02416110038757E-0002  2.32263914767827E-0006 -6.97768456348058E-0008  3.38317776571451E-0011 -3.66871406250000E+0004  1.80782775878906E+0001
o(.)/o/ch2/c(/ch3)2/ch2/ch(/ch3)/ch2/o/oh	R78C8H17O4UP  3.05944957733154E+0001  4.04170379042625E-0002 -1.21282146210433E-0005  1.77499470677134E-0009 -1.03304192457243E-0013 -4.22580390625000E+0004 -1.20805191040039E+0002 -9.49762761592865E-0002  1.18018887937068E-0001 -6.50830625090748E-0005 -3.09085290695066E-0009  1.08318926744788E-0011 -3.36884531250000E+0004  3.89538955688477E+0001
c(.)h(/o/oh)/ch(/ch3)/ch2/c(/ch3)3	R79C8H17O2P  2.61115074157715E+0001  3.94206009805202E-0002 -1.18438401841558E-0005  1.73461256469665E-0009 -1.00988302735496E-0013 -2.66960820312500E+0004 -1.02340255737304E+0002 -1.81179070472717E+0000  1.16972796618938E-0001 -8.27437979751267E-0005  2.16461444324523E-0008  1.29993260079841E-0012 -1.91736308593750E+0004  4.14574241638184E+0001
o(.)/o/ch2/c(/o/oh)(/ch3)/ch2/c(/ch3)3	R80C8H17O4UP  3.09692115783691E+0001  4.01823930442333E-0002 -1.20379281725036E-0005  1.75552938852519E-0009 -1.01699593570755E-0013 -4.61522734375000E+0004 -1.25840873718261E+0002  3.26267981529236E+0000  9.71220210194588E-0002 -1.25501683214679E-0005 -5.68779334741976E-0008  2.98983268698372E-0011 -3.80864492187500E+0004  2.09100379943848E+0001
o(.)/o/ch(/c(/o/oh)(/ch3)2)/c(/ch3)3	R81C8H17O4UP  3.24740066528320E+0001  3.85999009013176E-0002 -1.14698632387444E-0005  1.66703784110211E-0009 -9.65711004544643E-0014 -4.91583085937500E+0004 -1.35048217773438E+0002 -4.22558212280273E+0000  1.48936897516251E-0001 -1.29766805912368E-0004  5.25218162295005E-0008 -6.32056516500223E-0012 -3.96638007812500E+0004  5.18794288635254E+0001
o(.)/o/ch2/c(/ch3)2/ch2/c(/o/oh)(/ch3)2	R82C8H17O4UP  3.09692115783691E+0001  4.01823930442333E-0002 -1.20379281725036E-0005  1.75552938852519E-0009 -1.01699593570755E-0013 -4.61518710937500E+0004 -1.25434005737304E+0002  3.03447294235229E+0000  9.87031310796738E-0002 -1.63436488946900E-0005 -5.30961266065333E-0008  2.85615957967833E-0011 -3.80620039062500E+0004  2.22825050354004E+0001
c(.)h2/c(/o/oh)(/ch3)2	R83C4H9O2P  1.70212097167969E+0001  1.73974819481373E-0002 -4.59468265034957E-0006  6.11910744297006E-0010 -3.33238922838475E-0014 -1.24775517578125E+0004 -5.84450149536133E+0001  3.69711279869080E+0000  4.51657734811306E-0002 -8.39189942780649E-0006 -2.19149551838882E-0008  1.19209824303578E-0011 -8.53100683593750E+0003  1.22452783584594E+0001
o(.)/o/c(/ch3)2/ch(/o/oh)/c(/ch3)3	R84C8H17O4UP  3.24740066528320E+0001  3.85999009013176E-0002 -1.14698632387444E-0005  1.66703784110211E-0009 -9.65711004544643E-0014 -4.91583515625000E+0004 -1.35740875244141E+0002 -4.19544506072998E+0000  1.48732200264931E-0001 -1.29284424474463E-0004  5.20483069976763E-0008 -6.15536658102322E-0012 -3.96670859375000E+0004  5.10586395263672E+0001
o(.)/o/ch2/ch(/ch3)/ch(/o/oh)/c(/ch3)3	R85C8H17O4UP  3.07575035095215E+0001  4.03940267860889E-0002 -1.21276816571480E-0005  1.77324954719893E-0009 -1.03011796683850E-0013 -4.46255664062500E+0004 -1.23119117736816E+0002  4.08311462402344E+0000  9.09204706549644E-0002  6.60691625853360E-0007 -6.80919427509252E-0008  3.32280453152478E-0011 -3.66771093750000E+0004  1.91760387420654E+0001
c(.)h(/o/oh)/c(/ch3)3	R86C5H11O2P  1.96405277252197E+0001  2.23128255456686E-0002 -6.13190331932856E-0006  8.40538361135401E-0010 -4.66839227323233E-0014 -1.51102968750000E+0004 -7.24331893920898E+0001 -1.67946946620941E+0000  8.54847729206085E-0002 -7.25859717931598E-0005  2.87261130438310E-0008 -3.29012598415668E-0012 -9.54762109375000E+0003  3.64108963012695E+0001
o(.)/o/ch2/c(/ch3)2/ch(/o/oh)/ch(/ch3)2	R87C8H17O4UP  3.07575035095215E+0001  4.03940267860889E-0002 -1.21276816571480E-0005  1.77324954719893E-0009 -1.03011796683850E-0013 -4.46255117187500E+0004 -1.22714469909668E+0002  4.05297756195068E+0000  9.11251753568649E-0002  1.78315730181566E-0007 -6.76184299663873E-0008  3.30628475986305E-0011 -3.66738164062500E+0004  1.97088108062744E+0001
c(.)h(/o/oh)/ch(/ch3)2	R88C4H9O2P  1.63231735229492E+0001  1.75823457539082E-0002 -4.59345255876542E-0006  6.06826200399979E-0010 -3.28611209153128E-0014 -1.13640351562500E+0004 -5.31274261474609E+0001  1.11144691705703E-0001  6.85856118798256E-0002 -6.98563308105804E-0005  4.17560421794860E-0008 -1.06932605131726E-0011 -7.05457080078125E+0003  2.94381732940674E+0001
o(.)/o/ch(/o/oh)/ch2/ch2/ch3	R89C4H9O4UP  2.03912353515625E+0001  1.82533282786608E-0002 -4.67736663267715E-0006  6.10285044722048E-0010 -3.28279985389434E-0014 -3.01654121093750E+0004 -7.12103881835938E+0001  3.61083531379700E+0000  4.84818145632744E-0002  8.07807100500213E-0006 -4.78056172426022E-0008  2.22617722867025E-0011 -2.51060117187500E+0004  1.86632900238037E+0001
o(.)/o/ch(/o/oh)/c(/ch3)2/ch2/ch(/ch3)2	R90C8H17O4UP  3.07234325408936E+0001  3.93382981419563E-0002 -1.15597631520358E-0005  1.66361269204884E-0009 -9.55585166117351E-0014 -4.65365820312500E+0004 -1.24787818908691E+0002  1.21239531040192E+0000  9.97258275747299E-0002 -1.09175944089656E-0005 -6.19124804757121E-0008  3.20641117823595E-0011 -3.79712812500000E+0004  3.15107040405273E+0001
o(.)/o/c(/ch3)2/ch2/o/oh	R91C4H9O4UP  2.10510787963867E+0001  1.85543764382601E-0002 -4.89232570544118E-0006  6.50456744022421E-0010 -3.53673152233853E-0014 -3.09371406250000E+0004 -7.58902893066406E+0001  5.27663135528564E+0000  4.80829961597919E-0002  1.95319057638699E-0006 -3.84282685672588E-0008  1.85084777365452E-0011 -2.61479296875000E+0004  8.51463031768799E+0000
o(.)/o/ch2/c(/ch3)2/ch2/o/oh	R92C5H11O4UP  2.40510826110840E+0001  2.34266445040703E-0002 -6.47392926111934E-0006  8.92860008150365E-0010 -4.98973251768491E-0014 -3.07834863281250E+0004 -9.04880371093750E+0001  3.61847490072250E-0001  8.42607319355011E-0002 -4.94278356200084E-0005 -1.53630019816830E-0009  8.20884592939164E-0012 -2.42377832031250E+0004  3.25393028259277E+0001
o(.)/o/ch2/ch(/ch3)/ch2/o/oh	R93C4H9O4UP  2.07263603210449E+0001  1.87027305364609E-0002 -4.93289826408727E-0006  6.57733589815024E-0010 -3.59242631031275E-0014 -2.68371972656250E+0004 -7.15405578613281E+0001  1.99852859973907E+0000  6.84362426400185E-0002 -4.92923245474230E-0005  1.40898084310947E-0008 -1.13664537038180E-0013 -2.15321191406250E+0004  2.58150005340576E+0001
o(.)/o/ch(/o/oh)/ch(/ch3)/ch2/c(/ch3)3	R94C8H17O4UP  3.05719795227051E+0001  3.96078452467918E-0002 -1.17180852612364E-0005  1.70105085572914E-0009 -9.86330632511516E-0014 -4.64763085937500E+0004 -1.24350273132324E+0002  1.44490957260132E+0000  9.81202870607376E-0002 -7.07701656210702E-0006 -6.57321947983291E-0008  3.34118739619971E-0011 -3.79962734375000E+0004  3.01195373535156E+0001
o(.)/o/ch2/c(/o/oh)(/ch3)2	R95C4H9O4UP  2.09900608062744E+0001  1.86615753918886E-0002 -4.95453650728450E-0006  6.65016486323111E-0010 -3.65528462532849E-0014 -3.09122265625000E+0004 -7.55493316650391E+0001  5.17670249938965E+0000  4.87832501530647E-0002  2.55882213195946E-0007 -3.67217722896385E-0008  1.79011146184127E-0011 -2.61373476562500E+0004  8.93645000457764E+0000
o(.)/o/ch(/o/oh)/c(/ch3)3	R96C5H11O4UP  2.40760116577148E+0001  2.25572213530540E-0002 -6.04031538387062E-0006  8.12428513352614E-0010 -4.45354914242486E-0014 -3.48841250000000E+0004 -9.43090286254883E+0001  1.64051747322083E+0000  6.61929100751877E-0002  4.13829593526316E-0006 -5.97107217004123E-0008  2.91978524691316E-0011 -2.83770351562500E+0004  2.48086700439453E+0001
o(.)/o/ch(/o/oh)/ch(/ch3)2	R97C4H9O4UP  2.06969642639160E+0001  1.79410669952631E-0002 -4.56772977486253E-0006  5.92889182193801E-0010 -3.17634543070978E-0014 -3.11145996093750E+0004 -7.46602706909180E+0001  3.35449504852295E+0000  4.98260408639908E-0002  5.58985902898712E-0006 -4.54085018475325E-0008  2.13465911613753E-0011 -2.58758007812500E+0004  1.81627044677734E+0001
c(.)(/ch3)2/ch2/ch(/ch3)2	R98C7H15  1.03181867599487E+0001  4.69807684421539E-0002 -1.59286573762074E-0005  2.53772047820178E-0009 -1.56309928650740E-0013 -7.81579687500000E+0003 -2.39549942016602E+0001  3.77484947443008E-0001  7.53545984625816E-0002 -3.64071565854829E-0005 -7.74498187805506E-0010  5.24347839453432E-0012 -5.48774560546875E+0003  2.63324871063232E+0001
c(.)h(/ch3)2	R99C3H7  2.97514820098877E+0000  2.22983118146658E-0002 -7.33457272872329E-0006  1.14406895068697E-0009 -6.94624953802118E-0014  9.13734277343750E+0003  1.04375839233398E+0001  1.12804353237152E+0000  2.81275380402803E-0002 -7.61470255383756E-0006 -7.43387706947374E-0009  4.84459391006387E-0012  9.32488476562500E+0003  1.91385707855225E+0001
c(.)h(/ch3)/ch2/c(/ch3)3	R100C7H15  1.17207841873168E+0001  4.60278131067753E-0002 -1.56665410031565E-0005  2.50400633561298E-0009 -1.54636503255090E-0013 -5.71041406250000E+0003 -3.29038314819336E+0001 -1.89114677906036E+0000  8.48656147718430E-0002 -3.99279670091346E-0005 -9.31262089665097E-0009  1.07535898588584E-0011 -2.65772778320313E+0003  3.56287918090820E+0001
