Set of ThermodynamicInformation structures: 41
BensonThermodynamicBase(R14CH3CO):        H298:-1.0        S298:-0.017527053257587865        Reference:'null'        [300.0, 0.0]        [400.0, 0.0]        [500.0, 0.0]        [600.0, 0.0]        [800.0, 0.0]        [1000.0, 0.0]        [1500.0, 0.0]        [-0.046902986465030494, 300.0]        [-0.0819338813926653, 400.0]        [-0.09758947812645066, 500.0]        [-0.10453738387132301, 600.0]        [-0.10915718574895798, 800.0]        [-0.10791558023056379, 1000.0]        [-0.13268134286344982, 1500.0]
BensonThermodynamicBase(R12CHCOV):        H298:1.0        S298:0.5284664766001695        Reference:'null'        [300.0, 0.0]        [400.0, 0.0]        [500.0, 0.0]        [600.0, 0.0]        [800.0, 0.0]        [1000.0, 0.0]        [1500.0, 0.0]        [0.2821378324023073, 300.0]        [0.1078013415799279, 400.0]        [0.03723062819345172, 500.0]        [0.006829389603853649, 600.0]        [-0.01691364465722586, 800.0]        [-0.02582207569650068, 1000.0]        [0.0219023101762605, 1500.0]
BensonThermodynamicBase(R43C4H9O2P):        H298:-0.6713971625294539        S298:0.0040521982102056575        Reference:'null'        [300.0, 0.0]        [400.0, 0.0]        [500.0, 0.0]        [600.0, 0.0]        [800.0, 0.0]        [1000.0, 0.0]        [1500.0, 0.0]        [-0.00162485561531289, 300.0]        [-0.012534806312089537, 400.0]        [-0.017848991092020233, 500.0]        [-0.02160083497659451, 600.0]        [-0.028762417995687975, 800.0]        [-0.03245754490946974, 1000.0]        [-0.027342033630506673, 1500.0]
BensonThermodynamicBase(R8CH3OO):        H298:0.2262636945815336        S298:-0.05450352924837726        Reference:'null'        [300.0, 0.0]        [400.0, 0.0]        [500.0, 0.0]        [600.0, 0.0]        [800.0, 0.0]        [1000.0, 0.0]        [1500.0, 0.0]        [-0.05115121577740197, 300.0]        [-0.048983639256771995, 400.0]        [-0.05282933652414685, 500.0]        [-0.06001021283446609, 600.0]        [-0.07862589321756248, 800.0]        [-0.09574448652666476, 1000.0]        [-0.14014337110540914, 1500.0]
BensonThermodynamicBase(R24C2H4OH):        H298:0.1845987446199747        S298:-0.018085120458246125        Reference:'null'        [300.0, 0.0]        [400.0, 0.0]        [500.0, 0.0]        [600.0, 0.0]        [800.0, 0.0]        [1000.0, 0.0]        [1500.0, 0.0]        [-0.026512910728629588, 300.0]        [-0.0371248766010244, 400.0]        [-0.041071526638608837, 500.0]        [-0.04505127621851125, 600.0]        [-0.059038291991518235, 800.0]        [-0.0716053856554212, 1000.0]        [-0.09203883962737387, 1500.0]
BensonThermodynamicBase(R25C2H4OH):        H298:0.18422814514682254        S298:-0.03072598097870928        Reference:'null'        [300.0, 0.0]        [400.0, 0.0]        [500.0, 0.0]        [600.0, 0.0]        [800.0, 0.0]        [1000.0, 0.0]        [1500.0, 0.0]        [-0.03166000749572471, 300.0]        [-0.06509235171916183, 400.0]        [-0.08105877543469514, 500.0]        [-0.09134963123851775, 600.0]        [-0.10947116478113729, 800.0]        [-0.12418783230692956, 1000.0]        [-0.14509538869767344, 1500.0]
BensonThermodynamicBase(R13CH2CHO):        H298:-0.16642461540598547        S298:-0.015477017667986984        Reference:'null'        [300.0, 0.0]        [400.0, 0.0]        [500.0, 0.0]        [600.0, 0.0]        [800.0, 0.0]        [1000.0, 0.0]        [1500.0, 0.0]        [0.003539844574008103, 300.0]        [0.007918277000147574, 400.0]        [0.012678771256072646, 500.0]        [0.01740873298721659, 600.0]        [0.027030183319253418, 800.0]        [0.04065579345400656, 1000.0]        [0.08295518494196587, 1500.0]
BensonThermodynamicBase(R22CO2H):        H298:-0.14596870022848416        S298:-0.009871784432858712        Reference:'null'        [300.0, 0.0]        [400.0, 0.0]        [500.0, 0.0]        [600.0, 0.0]        [800.0, 0.0]        [1000.0, 0.0]        [1500.0, 0.0]        [0.05133327848132062, 300.0]        [-0.026492750440721188, 400.0]        [-0.07216181917061346, 500.0]        [-0.1014768992962728, 600.0]        [-0.13657624817133057, 800.0]        [-0.14813970468508597, 1000.0]        [-0.08362074772443542, 1500.0]
BensonThermodynamicBase(R9C2HT):        H298:0.1272880979800697        S298:0.006513336770876553        Reference:'null'        [300.0, 0.0]        [400.0, 0.0]        [500.0, 0.0]        [600.0, 0.0]        [800.0, 0.0]        [1000.0, 0.0]        [1500.0, 0.0]        [-0.00986473471997182, 300.0]        [-0.010673849843712073, 400.0]        [-0.013655416811434848, 500.0]        [-0.01995913828059584, 600.0]        [-0.04189252380186963, 800.0]        [-0.06442542944572695, 1000.0]        [-0.03676688245594412, 1500.0]
BensonThermodynamicBase(R35C4H9O2P):        H298:-0.09260281878630727        S298:0.010922262058040602        Reference:'null'        [300.0, 0.0]        [400.0, 0.0]        [500.0, 0.0]        [600.0, 0.0]        [800.0, 0.0]        [1000.0, 0.0]        [1500.0, 0.0]        [-0.0013932835932193312, 300.0]        [-0.010231192585243762, 400.0]        [-0.01145262360462751, 500.0]        [-0.011733649758243297, 600.0]        [-0.01657461197569816, 800.0]        [-0.020597661724852574, 1000.0]        [-0.011745352140777442, 1500.0]
BensonThermodynamicBase(R17C2H5OO):        H298:0.08912392288818456        S298:-0.05596261606957021        Reference:'null'        [300.0, 0.0]        [400.0, 0.0]        [500.0, 0.0]        [600.0, 0.0]        [800.0, 0.0]        [1000.0, 0.0]        [1500.0, 0.0]        [-0.051587134533586466, 300.0]        [-0.06017290618774471, 400.0]        [-0.0651874372207971, 500.0]        [-0.07060968050273073, 600.0]        [-0.08628568013647833, 800.0]        [-0.10252925223599496, 1000.0]        [-0.13006198350115358, 1500.0]
BensonThermodynamicBase(R30C3H7O2P):        H298:0.07797124558446308        S298:0.002239675660613377        Reference:'null'        [300.0, 0.0]        [400.0, 0.0]        [500.0, 0.0]        [600.0, 0.0]        [800.0, 0.0]        [1000.0, 0.0]        [1500.0, 0.0]        [-0.008709441102104202, 300.0]        [-0.02500731572225215, 400.0]        [-0.03193963903610334, 500.0]        [-0.03597892089355704, 600.0]        [-0.043337714553888684, 800.0]        [-0.04806312145535835, 1000.0]        [-0.04860415788413459, 1500.0]
BensonThermodynamicBase(R10C2H3V):        H298:0.0748583307521139        S298:0.011581199874349251        Reference:'null'        [300.0, 0.0]        [400.0, 0.0]        [500.0, 0.0]        [600.0, 0.0]        [800.0, 0.0]        [1000.0, 0.0]        [1500.0, 0.0]        [-0.028751627810764725, 300.0]        [-0.058228364943684045, 400.0]        [-0.07356372911853258, 500.0]        [-0.08262410825254388, 600.0]        [-0.0926204269400854, 800.0]        [-0.09424472576834994, 1000.0]        [-0.0811858826656263, 1500.0]
BensonThermodynamicBase(R23C2H3O2B):        H298:-0.06355493157420097        S298:-0.014138738916816884        Reference:'null'        [300.0, 0.0]        [400.0, 0.0]        [500.0, 0.0]        [600.0, 0.0]        [800.0, 0.0]        [1000.0, 0.0]        [1500.0, 0.0]        [-0.0070418365090268754, 300.0]        [-0.014289340784624236, 400.0]        [-0.014860575091937597, 500.0]        [-0.014697008365285162, 600.0]        [-0.019287379200488137, 800.0]        [-0.026683747415575235, 1000.0]        [-0.030319622227835238, 1500.0]
BensonThermodynamicBase(R16C2H4OOH):        H298:0.0432230837999959        S298:0.012179673769673958        Reference:'null'        [300.0, 0.0]        [400.0, 0.0]        [500.0, 0.0]        [600.0, 0.0]        [800.0, 0.0]        [1000.0, 0.0]        [1500.0, 0.0]        [0.002116876622550218, 300.0]        [-0.01005354383401692, 400.0]        [-0.016321580888683584, 500.0]        [-0.020952240741013435, 600.0]        [-0.030426689122519758, 800.0]        [-0.03722534147852212, 1000.0]        [-0.037372075918688026, 1500.0]
BensonThermodynamicBase(R37C4H9O2P):        H298:-0.041868454302110926        S298:0.01092230342936197        Reference:'null'        [300.0, 0.0]        [400.0, 0.0]        [500.0, 0.0]        [600.0, 0.0]        [800.0, 0.0]        [1000.0, 0.0]        [1500.0, 0.0]        [-0.0014114128612528491, 300.0]        [-0.01021928009623876, 400.0]        [-0.011443033855255039, 500.0]        [-0.011732851898629687, 600.0]        [-0.01657820566567378, 800.0]        [-0.020575346996255697, 1000.0]        [-0.011769637885433669, 1500.0]
BensonThermodynamicBase(R21CH3OCO):        H298:0.03144055681594862        S298:-0.01898145777218858        Reference:'null'        [300.0, 0.0]        [400.0, 0.0]        [500.0, 0.0]        [600.0, 0.0]        [800.0, 0.0]        [1000.0, 0.0]        [1500.0, 0.0]        [0.00759368966786946, 300.0]        [-0.03077421765727329, 400.0]        [-0.04702356046887626, 500.0]        [-0.054008894652949516, 600.0]        [-0.05912193574684961, 800.0]        [-0.0460707291953066, 1000.0]        [-0.03462749252360125, 1500.0]
BensonThermodynamicBase(R36C4H9O2P):        H298:-0.03086888277015287        S298:-7.827958986630413E-4        Reference:'null'        [300.0, 0.0]        [400.0, 0.0]        [500.0, 0.0]        [600.0, 0.0]        [800.0, 0.0]        [1000.0, 0.0]        [1500.0, 0.0]        [-0.007583649862252409, 300.0]        [-0.02264223201999356, 400.0]        [-0.02675958973923149, 500.0]        [-0.028379414593232462, 600.0]        [-0.03370378275459231, 800.0]        [-0.03703422520717952, 1000.0]        [-0.026128836317973934, 1500.0]
BensonThermodynamicBase(R20C4H9):        H298:-0.022548974901363938        S298:5.345995093059577E-4        Reference:'null'        [300.0, 0.0]        [400.0, 0.0]        [500.0, 0.0]        [600.0, 0.0]        [800.0, 0.0]        [1000.0, 0.0]        [1500.0, 0.0]        [0.017602399588673604, 300.0]        [0.01937378576838351, 400.0]        [0.02615139391210215, 500.0]        [0.0342759016504255, 600.0]        [0.05062160543213173, 800.0]        [0.07011621365911175, 1000.0]        [0.13318360742604735, 1500.0]
BensonThermodynamicBase(R15C2H5O):        H298:-0.01305611988441828        S298:-0.04988073912848226        Reference:'null'        [300.0, 0.0]        [400.0, 0.0]        [500.0, 0.0]        [600.0, 0.0]        [800.0, 0.0]        [1000.0, 0.0]        [1500.0, 0.0]        [-0.06066743785075125, 300.0]        [-0.06690980460191003, 400.0]        [-0.07253448169162459, 500.0]        [-0.07936754963266685, 600.0]        [-0.09720211572797062, 800.0]        [-0.11495092999409394, 1000.0]        [-0.1457296093477589, 1500.0]
BensonThermodynamicBase(R29C4H9O2U):        H298:-0.0131093522113053        S298:-0.05007032469266998        Reference:'null'        [300.0, 0.0]        [400.0, 0.0]        [500.0, 0.0]        [600.0, 0.0]        [800.0, 0.0]        [1000.0, 0.0]        [1500.0, 0.0]        [-0.04109924902284745, 300.0]        [-0.05032706249596071, 400.0]        [-0.05323322922241032, 500.0]        [-0.056664288536845055, 600.0]        [-0.07103117830120481, 800.0]        [-0.08595859387601691, 1000.0]        [-0.09685723626769685, 1500.0]
BensonThermodynamicBase(R45C4H9O4UP):        H298:-0.011345914374948139        S298:-0.026683102916387702        Reference:'null'        [300.0, 0.0]        [400.0, 0.0]        [500.0, 0.0]        [600.0, 0.0]        [800.0, 0.0]        [1000.0, 0.0]        [1500.0, 0.0]        [-0.024808836501984906, 300.0]        [-0.03193032994302342, 400.0]        [-0.029742090840534075, 500.0]        [-0.026932361902669153, 600.0]        [-0.029136884427612704, 800.0]        [-0.032775939491176125, 1000.0]        [-0.021408162434750196, 1500.0]
BensonThermodynamicBase(R19C3H7):        H298:0.010070496796869558        S298:0.006323570217915428        Reference:'null'        [300.0, 0.0]        [400.0, 0.0]        [500.0, 0.0]        [600.0, 0.0]        [800.0, 0.0]        [1000.0, 0.0]        [1500.0, 0.0]        [0.010412556218919346, 300.0]        [0.014820282481857764, 400.0]        [0.02195125109982715, 500.0]        [0.02979018099422198, 600.0]        [0.04584491118144859, 800.0]        [0.06603759948948873, 1000.0]        [0.13247821454521513, 1500.0]
BensonThermodynamicBase(R34C4H9O2P):        H298:-0.007756716008693137        S298:0.014465615399924614        Reference:'null'        [300.0, 0.0]        [400.0, 0.0]        [500.0, 0.0]        [600.0, 0.0]        [800.0, 0.0]        [1000.0, 0.0]        [1500.0, 0.0]        [-8.479776812697572E-4, 300.0]        [-0.008329693228649515, 400.0]        [-0.010376548779438066, 500.0]        [-0.01164179326006438, 600.0]        [-0.0168319008802548, 800.0]        [-0.021355331656987716, 1000.0]        [-0.01936056136420847, 1500.0]
BensonThermodynamicBase(R38C3H7O4UP):        H298:-0.007287834118671451        S298:-0.027180635800031733        Reference:'null'        [300.0, 0.0]        [400.0, 0.0]        [500.0, 0.0]        [600.0, 0.0]        [800.0, 0.0]        [1000.0, 0.0]        [1500.0, 0.0]        [-0.028938006556523354, 300.0]        [-0.035534307358165124, 400.0]        [-0.03437254971659245, 500.0]        [-0.03268494009887353, 600.0]        [-0.03603994548383438, 800.0]        [-0.040861741471557717, 1000.0]        [-0.03911223008651181, 1500.0]
BensonThermodynamicBase(R7CH3O):        H298:0.007132219688093731        S298:-0.07340722844793506        Reference:'null'        [300.0, 0.0]        [400.0, 0.0]        [500.0, 0.0]        [600.0, 0.0]        [800.0, 0.0]        [1000.0, 0.0]        [1500.0, 0.0]        [-0.10362544568545189, 300.0]        [-0.09866601300415356, 400.0]        [-0.10551915422589032, 500.0]        [-0.11559102647872188, 600.0]        [-0.13384973849313878, 800.0]        [-0.1478929800473308, 1000.0]        [-0.19426742007024, 1500.0]
BensonThermodynamicBase(R41C4H9O4UP):        H298:-0.0064510218365247        S298:-0.01805588958698483        Reference:'null'        [300.0, 0.0]        [400.0, 0.0]        [500.0, 0.0]        [600.0, 0.0]        [800.0, 0.0]        [1000.0, 0.0]        [1500.0, 0.0]        [-0.02488955576896705, 300.0]        [-0.0306348182704456, 400.0]        [-0.02907905797945472, 500.0]        [-0.027116666383033308, 600.0]        [-0.02961732800747577, 800.0]        [-0.033341962473124286, 1000.0]        [-0.027937231455795936, 1500.0]
BensonThermodynamicBase(R46C4H9O4UP):        H298:-0.006451038467858182        S298:-0.018070703677688076        Reference:'null'        [300.0, 0.0]        [400.0, 0.0]        [500.0, 0.0]        [600.0, 0.0]        [800.0, 0.0]        [1000.0, 0.0]        [1500.0, 0.0]        [-0.024901319633428266, 300.0]        [-0.03061287760133116, 400.0]        [-0.029071841248569843, 500.0]        [-0.027127095808099445, 600.0]        [-0.029622174477854632, 800.0]        [-0.03334429471932477, 1000.0]        [-0.027935892386401547, 1500.0]
BensonThermodynamicBase(R11C2H5):        H298:-0.0046369186147359265        S298:0.03383019201863045        Reference:'null'        [300.0, 0.0]        [400.0, 0.0]        [500.0, 0.0]        [600.0, 0.0]        [800.0, 0.0]        [1000.0, 0.0]        [1500.0, 0.0]        [-0.021564886498859345, 300.0]        [-0.021733936217056896, 400.0]        [-0.01228796845412886, 500.0]        [6.815696800604355E-4, 600.0]        [0.028477914946609114, 800.0]        [0.056508702055756616, 1000.0]        [0.12525979196081213, 1500.0]
BensonThermodynamicBase(R26C4H9):        H298:-0.003735889807041061        S298:-0.013731451028049466        Reference:'null'        [300.0, 0.0]        [400.0, 0.0]        [500.0, 0.0]        [600.0, 0.0]        [800.0, 0.0]        [1000.0, 0.0]        [1500.0, 0.0]        [0.008988969668631393, 300.0]        [0.002669392011344471, 400.0]        [0.005600196496954564, 500.0]        [0.011977272709287737, 600.0]        [0.027788150701395828, 800.0]        [0.0473073141604049, 1000.0]        [0.10342334404759564, 1500.0]
BensonThermodynamicBase(R33C4H9O2P):        H298:-0.0028446995466095437        S298:0.002805925702850239        Reference:'null'        [300.0, 0.0]        [400.0, 0.0]        [500.0, 0.0]        [600.0, 0.0]        [800.0, 0.0]        [1000.0, 0.0]        [1500.0, 0.0]        [-0.007173323999456066, 300.0]        [-0.021018877905601845, 400.0]        [-0.025993339351279787, 500.0]        [-0.028567352909986545, 600.0]        [-0.03415486481329788, 800.0]        [-0.03788026788228886, 1000.0]        [-0.0336452352557614, 1500.0]
BensonThermodynamicBase(R32C4H9O2P):        H298:-0.0028407277267613975        S298:0.0028025082746178003        Reference:'null'        [300.0, 0.0]        [400.0, 0.0]        [500.0, 0.0]        [600.0, 0.0]        [800.0, 0.0]        [1000.0, 0.0]        [1500.0, 0.0]        [-0.005498149463220177, 300.0]        [-0.018280082398700055, 400.0]        [-0.023867454783857302, 500.0]        [-0.027445043246834586, 600.0]        [-0.03447920490380071, 800.0]        [-0.03870924036921905, 1000.0]        [-0.03511783669714236, 1500.0]
BensonThermodynamicBase(R31C3H7O2P):        H298:-0.0025480877164971616        S298:0.015131369263121702        Reference:'null'        [300.0, 0.0]        [400.0, 0.0]        [500.0, 0.0]        [600.0, 0.0]        [800.0, 0.0]        [1000.0, 0.0]        [1500.0, 0.0]        [-0.0010668632920031492, 300.0]        [-0.009416697601524245, 400.0]        [-0.012668442988579652, 500.0]        [-0.015042971871899851, 600.0]        [-0.021819949615281237, 800.0]        [-0.02750417546836827, 1000.0]        [-0.03084997188629488, 1500.0]
BensonThermodynamicBase(R18CH3COOO):        H298:0.001264574139631131        S298:-0.050690388583416075        Reference:'null'        [300.0, 0.0]        [400.0, 0.0]        [500.0, 0.0]        [600.0, 0.0]        [800.0, 0.0]        [1000.0, 0.0]        [1500.0, 0.0]        [-0.05941035491410807, 300.0]        [-0.06422318931076908, 400.0]        [-0.06389177803366002, 500.0]        [-0.06439239993986623, 600.0]        [-0.07309885912448393, 800.0]        [-0.08327710476628004, 1000.0]        [-0.06215405402544628, 1500.0]
BensonThermodynamicBase(R27C3H7O2U):        H298:-8.533906154307932E-4        S298:-0.04641102488601658        Reference:'null'        [300.0, 0.0]        [400.0, 0.0]        [500.0, 0.0]        [600.0, 0.0]        [800.0, 0.0]        [1000.0, 0.0]        [1500.0, 0.0]        [-0.04677349811813622, 300.0]        [-0.05397469140826143, 400.0]        [-0.05767406713417439, 500.0]        [-0.062195850326419035, 600.0]        [-0.07719393487398232, 800.0]        [-0.09291803362848837, 1000.0]        [-0.11324845589479723, 1500.0]
BensonThermodynamicBase(R28C4H9O2U):        H298:-7.202018337118008E-4        S298:-0.04201163215744522        Reference:'null'        [300.0, 0.0]        [400.0, 0.0]        [500.0, 0.0]        [600.0, 0.0]        [800.0, 0.0]        [1000.0, 0.0]        [1500.0, 0.0]        [-0.04136122547366433, 300.0]        [-0.04931070070001904, 400.0]        [-0.05300423639977425, 500.0]        [-0.05732004683488309, 600.0]        [-0.07186232021429582, 800.0]        [-0.08712562479930479, 1000.0]        [-0.10343130231717414, 1500.0]
BensonThermodynamicBase(R40C4H9O4UP):        H298:2.8302051598642404E-4        S298:-0.01806580981240901        Reference:'null'        [300.0, 0.0]        [400.0, 0.0]        [500.0, 0.0]        [600.0, 0.0]        [800.0, 0.0]        [1000.0, 0.0]        [1500.0, 0.0]        [-0.0248839190820102, 300.0]        [-0.030637632881586378, 400.0]        [-0.029081437313700782, 500.0]        [-0.02711694133917695, 600.0]        [-0.029617148543230346, 800.0]        [-0.03338067119315825, 1000.0]        [-0.02789518653908693, 1500.0]
BensonThermodynamicBase(R44C4H9O4UP):        H298:2.82981304729221E-4        S298:-0.024301325822353566        Reference:'null'        [300.0, 0.0]        [400.0, 0.0]        [500.0, 0.0]        [600.0, 0.0]        [800.0, 0.0]        [1000.0, 0.0]        [1500.0, 0.0]        [-0.02487500296780813, 300.0]        [-0.03064920446756357, 400.0]        [-0.029087491539076138, 500.0]        [-0.02711413836937283, 600.0]        [-0.02961338897080814, 800.0]        [-0.03338067119315825, 1000.0]        [-0.02789518653908693, 1500.0]
BensonThermodynamicBase(R47C4H9O4UP):        H298:2.4042274471712625E-4        S298:-0.02305453219544126        Reference:'null'        [300.0, 0.0]        [400.0, 0.0]        [500.0, 0.0]        [600.0, 0.0]        [800.0, 0.0]        [1000.0, 0.0]        [1500.0, 0.0]        [-0.026817071264668566, 300.0]        [-0.03313015302990301, 400.0]        [-0.030430450036000325, 500.0]        [-0.027144312439663823, 600.0]        [-0.028296039080913406, 800.0]        [-0.035370653116759444, 1000.0]        [-0.026769188637542532, 1500.0]
BensonThermodynamicBase(R39C3H7O4UP):        H298:-1.8127892502015915E-4        S298:-0.012103693671617032        Reference:'null'        [300.0, 0.0]        [400.0, 0.0]        [500.0, 0.0]        [600.0, 0.0]        [800.0, 0.0]        [1000.0, 0.0]        [1500.0, 0.0]        [-0.029000571850674586, 300.0]        [-0.034173162378758996, 400.0]        [-0.03373482582349279, 500.0]        [-0.03296505343279806, 600.0]        [-0.03656590226477236, 800.0]        [-0.04177600279302917, 1000.0]        [-0.04686458254747821, 1500.0]
BensonThermodynamicBase(R42C4H9O4UP):        H298:-2.2629764148761482E-4        S298:-0.022610176794164744        Reference:'null'        [300.0, 0.0]        [400.0, 0.0]        [500.0, 0.0]        [600.0, 0.0]        [800.0, 0.0]        [1000.0, 0.0]        [1500.0, 0.0]        [-0.02474394069431548, 300.0]        [-0.029521502306711682, 400.0]        [-0.028530878800189435, 500.0]        [-0.027240953654027737, 600.0]        [-0.02990318163207268, 800.0]        [-0.03410077082464898, 1000.0]        [-0.03438252176069678, 1500.0]
